49
141186
1132
2459
38303
317
1838
91064
173
2469
35137
130
3066
135117
384
2496
97480
79
2631
109488
105
3146
152532
64
2877
160359
155
2436
109853
107103
137612
140183
136291
124828
109061
91734
82530
67616
49750
32768
21795
18313
13580
13442
17409
5318
8870
19825
592
5151
27049
174
1283
33888
112
1377
25928
118
1075
59037
83038
99288
78864
61485
45459
42263
25732
24767
27669
19512
17185
13679
13524
10775
12970
8773
15719
7897
18115
5644
15753
5425
24263
267
10231
41585
207
47073
53150
47574
42793
36791
31725
19950
22190
22710
20332
17029
14460
11782
13395
9058
13554
8347
17023
8917
18027
5386
17784
9368
17861
271
16513
2209
37794
317
1441
115091
107280
92190
78863
60112
53955
39932
36679
28358
20566
17794
13605
13593
9949
11781
12309
12238
16473
5981
13066
5850
19189
798
10367
25221
129
1584
31597
167
1334
41062
94979
94110
62676
56122
51707
48452
31778
20750
17544
14862
12336
13937
10547
15270
9544
14639
8101
17320
10050
17629
1121
20114
276
14836
3037
90596
65251
50837
42654
33721
36898
22202
22060
19441
22307
20332
18987
17364
21669
21580
20568
17317
14284
11589
12429
11529
15714
6982
13329
8303
14610
6243
19533
4155
6947
27331
110
2714
95938
68129
60618
49869
38540
27079
18480
17738
16026
20233
22671
18207
16732
13076
12489
13342
9294
15362
9528
14924
8627
19163
5731
9068
29804
139
945
25613
100
1410
33160
1645
57994
51342
42623
38226
29392
31950
23412
23882
19544
16849
14161
11512
13499
9850
14193
8413
18143
6234
12836
5138
26384
1638
2680
18528
171
18843
35132
36295
33383
28537
25789
19750
21902
18077
21097
19698
15855
12957
12488
15168
10239
14593
9205
17576
9453
19072
6572
18062
8722
20635
243
15963
1729
92716
91004
74943
65542
39013
47057
38710
29507
21542
17636
13735
13683
10460
12950
8708
15468
8762
14628
7586
19703
3611
6086
25888
103
1124
29853
115
72269
66777
60461
52734
41901
36716
25960
24801
23666
19965
15870
12958
12270
14174
9432
14733
9243
14571
8166
16105
6833
18554
881
11856
27465
167
1621
29815
55597
49622
43120
45964
37554
27323
19571
16476
23368
16449
21171
19009
18340
14220
11381
12392
11843
15748
7506
12871
11153
19551
5421
12733
7493
22570
217
61529
52024
48405
38474
30117
21740
20258
27644
20088
19182
17411
15063
10531
11347
10549
15040
9191
14525
8179
16617
7687
17589
5281
13663
1697
23773
44590
40414
36698
28728
21603
24068
18083
22531
18377
15795
12871
11847
15688
10531
16360
7278
13884
7048
21165
5344
16906
4931
26729
110
1581
43606
187
1478
52957
123
59023
220
688
33127
102
1603
88087
79
1902
86396
72
1760
70754
85713
90
98414
139
89357
62829
33612
16911
15724
12321
12134
7594
19102
2097
4985
71547
77
1822
125222
58
1934
94166
79
2278
653619
19879
315810
337800
265760
207348
166658
135282
64684
54102
38838
43627
31198
5317
2397
7986
22473
461
8748
90222
62584
58699
53983
45126
37967
27318
26376
21079
17502
14767
11648
14241
9618
14068
8465
16964
8702
18185
6725
17911
8751
17728
231
15252
89605
77267
61711
55856
31675
25582
23686
33227
19431
20258
13340
12711
9699
11982
12127
12544
11055
19059
6323
11881
30240
170
928
12832
19452
268
14334
100435
87566
73638
62762
46990
38145
26423
26775
20762
18094
15020
12310
13043
10103
12742
8601
15175
8379
13694
7590
18402
4327
6533
26460
827
44119
39578
35113
29083
23197
27112
13742
16400
18226
20579
16958
14647
11844
12553
9931
13912
8445
13029
7538
17843
6899
22063
3347
9485
33203
100
1454
30420
145
19052
19102
21236
18566
19625
19014
18239
14714
13894
20176
64081
150430
17917
14324
11394
11555
16067
9505
53045
7463
11896
8559
107454
7714
5658
64146
97
3097
135465
32042
30362
31064
29460
26005
22322
22141
15532
17203
19390
20675
21139
17789
14104
11987
11742
12172
9632
17235
9412
21881
7830
15886
12924
3979
30756
39
845
114753
39083
39687
36151
28837
25124
21243
21801
20587
18802
22428
19530
17102
14164
14184
12020
13538
11154
13025
8014
22485
5341
15349
13295
4001
25930
36
893
26739
138
29390
116311
121959
111390
97198
87260
79458
55287
47204
43775
34028
26281
19466
15249
12471
12165
11192
12122
13207
8670
17416
5881
16314
9636
16020
208
13777
11524
95102
84221
74324
62505
47902
46340
28201
23185
23264
26718
20996
18476
14720
12176
11487
11135
10532
11531
12502
10915
12081
11255
13626
7418
22588
237
3788
39474
59620
54198
49507
39700
31022
29661
23519
20618
24192
19898
18492
14785
11205
10664
10154
9667
11210
12041
10273
11278
11707
13676
6264
21772
167
4697
36935
36690
31772
32523
25814
20849
30479
19857
23576
23347
18740
16098
13242
12351
12785
9769
10701
9370
12298
12469
13813
5771
29000
1480
2780
19192
187
20641
176
17697
52661
37416
35715
28400
7331
27879
35262
28797
27619
23146
22465
22329
18217
18723
17297
14006
10564
13998
8551
17922
5127
13712
1214
16505
44837
14756
15024
13526
12245
13915
11963
20065
11145
15348
12446
19082
11603
11959
17760
8076
23686
8927
21563
8780
23227
6157
5741
44158
214
1817
56164
248
1737
54137
239
2589
92404
218
2165
88158
238
2507
91110
195
2286
114322
217
2190
145463
2788
5330
87954
3321
11270
102087
4624
9036
35260
4657
11315
8848
8654
1009085
10430
569775
105001
99009
108654
68528
10478
22248
12934
4715
6705
12882
655
22189
3055
11661
13329
6146
66680
72178
96946
113482
113596
69129
13356
10514
1925
9679
4184
28052
867
2039
21144
3706
23729
3951
10778
7159
5730
5931
51722
54306
66254
108319
67085
38227
17390
3226
408
1268
1698
6125
7553
12217
6070
6278
6064
6190
5874
5615
5845
6019
5405
5533
5380
5533
5679
5537
5376
5531
5376
7050
6283
6485
5981
6429
6298
6661
6131
1126499
568125
4133
5260
13208
9517
15351
9295
9746
9341
10010
8720
8637
8532
8424
8194
8183
8180
8180
8180
8180
8180
8180
8180
8180
8180
8243
8179
8179
8179
8179
8179
8179
8179
8179
8179
8179
8179
8179
8179
8179
8179
8179
8179
8179
8179
8179
8179
