-1
0
99538
130218
232288
332288
432288
532288
632288
732288
832288
932288
1032288
1132288
1232288
2147191
2247191
2258067
2358067
2458067
2558067
2658067
2758067
2858067
2958067
3058067
3158067
3258067
4678641
4736988
4754196
4773354
4789563
4806647
4823056
4839402
4853819
4877481
4893068
4915568
4937681
4954958
4979607
4992885
5047936
5062741
5080604
5096605
5114278
5131150
5146999
5246999
5267463
5367463
5467463
5567463
5667463
5767463
5867463
5957869
6040736
6057120
6073678
6095086
6112882
6129399
6146900
6162920
6179105
6193240
6208422
6223556
6237757
6251117
6271085
6285448
6301991
6319563
6336639
6351889
6368890
6386123
6403016
6419459
6436894
6453797
6555965
6620561
6638435
6656484
6673411
6689319
6707271
6722715
6740370
6757177
6773826
6791139
6807371
6823898
6840237
6855885
6872880
6890073
6906662
6923667
6940442
6957977
6974948
6991456
7008335
7024732
7041173
7141173
7160805
7260805
7330696
7399014
7422240
7440480
7460972
7477594
7493865
7510436
7526729
7545309
7561564
7576572
7595452
7611366
7628104
7646404
7661528
7677079
7695415
7710644
7727397
7744065
7760579
7777343
7794062
7809959
7909959
7930626
8030626
8050822
8118457
8141670
8196186
8213425
8230123
8247234
8263980
8281951
8297895
8313717
8330126
8346823
8363473
8380102
8397109
8413521
8430356
8446957
8463813
8481279
8497997
8515182
8530528
8630528
8651479
8751479
8764565
8840534
8863199
8880684
8900145
8919086
8935604
8951693
8969344
8986546
9003609
9018838
9034320
9051153
9067496
9084447
9101379
9118067
9135367
9151382
9167766
9184803
9201343
9218368
9234868
9251821
9268930
9286041
9303092
9319357
9339402
9353027
9369340
9387092
9436731
9454640
9472188
9489993
9517732
9534810
9551623
9569207
9585776
9605980
9623071
9640417
9659166
9676449
9693689
9710295
9727319
9747741
9764764
9783246
9799685
9816553
9832643
9848985
9874356
9890562
9908330
10008330
10030150
10130150
10230150
10313517
10372681
10397899
10423409
10442743
10466052
10482433
10498534
10516563
10533789
10549548
10565582
10582328
10597404
10612552
10628040
10644685
10661676
10678149
10695380
10710936
10728534
10744936
10761273
10778087
10794192
10895993
10970396
10988052
11005232
11021933
11039838
11054830
11071182
11087753
11104366
11121305
11137291
11153554
11169321
11185221
11200831
11216704
11233364
11248464
11265453
11281958
11299827
11315691
11332919
11349461
11369149
11387929
11442765
11495001
11520096
11536686
11554149
11570671
11586986
11604284
11625793
11640814
11656939
11671691
11686079
11700464
11716987
11734499
11751088
11767258
11784178
11800536
11819493
11834636
11853945
11868430
11884430
11984430
12009300
12033941
12105176
12129151
12152548
12171436
12188567
12205404
12222286
12238849
12255819
12273281
12289623
12306793
12326535
12341958
12356886
12371073
12387321
12403919
12421108
12437820
12454355
12471630
12487828
12504139
12604139
12627239
12727239
12819269
12883447
12899970
12918241
12935972
12954436
12972333
12990148
13004585
13024954
13041150
13057890
13075112
13092192
13109506
13126607
13142653
13159737
13176761
13194359
13210600
13227656
13244222
13260831
13278518
13294665
13312229
13329218
13410130
13432627
13453647
13471424
13491260
13508929
13526008
13545867
13562483
13579590
13596321
13613053
13630166
13646858
13662671
13680050
13696679
13713255
13730004
13747249
13763583
13780526
13796831
13817703
13836896
13895729
13953317
13971928
13992832
14010439
14026830
14043098
14057520
14072340
14087196
14100135
14114276
14130615
14147400
14163783
14180528
14197552
14214700
14230883
14248195
14264987
14281633
14298458
14315083
14332214
14348182
14448182
14469857
14569857
14588571
14614001
14631414
14654191
14672746
14689113
14704381
14719519
14738616
14762230
14776859
14793236
14809568
14826138
14842376
14856861
14877278
14895951
14915590
14934082
14949942
14968846
14987142
15005078
15021464
15041238
15058907
15077094
15095471
15114677
15133535
15154287
15173805
15196782
15216392
15316392
15334790
15434790
15534790
15607833
15675688
15708721
15728084
15746965
15766126
15785770
15805965
15825213
15842785
15861419
15911632
15993814
16060098
16177390
16277390
16377390
16477390
16550716
16607093
16633732
16655599
16673567
16690578
16706619
16722207
16739635
16759083
16776895
16794065
16811157
16831879
16848055
16864816
16882026
16899168
16915333
16931949
16948902
16965628
16994004
17010017
17028898
17050546
17081577
17098679
17114570
17130942
17147609
17164895
17182348
17198599
17215639
17232507
17249147
17265861
17282188
17299081
17316338
17332772
17349737
17365965
17383133
17400046
17416783
17434211
17450278
17466811
17566811
17579966
17619609
17651421
17668082
17688542
17706204
17723998
17740269
17756553
17772898
17788972
17806445
17821006
17836130
17852918
17869645
17889195
17904458
17920343
17936863
17953431
17970148
17986992
18003653
18020751
18036730
18094542
18152361
18177355
18201160
18220402
18239590
18257000
18274426
18291093
18307459
18323957
18340461
18357369
18373596
18390046
18406940
18424220
18441470
18458170
18474605
18491651
18508074
18530974
18545782
18561786
18576783
18592426
18609199
18709199
18728876
18778579
18801805
18824265
18843832
18861254
18878507
18894183
18910624
18927804
18944233
18960370
18977655
18994144
19010691
19027991
19044319
19061094
19077705
19094481
19111234
19128562
19145249
19162419
19179246
19196709
19212520
19229971
19246344
19307655
19355173
19379165
19402640
19426355
19443538
19468814
19483042
19498205
19515682
19532187
19548579
19564955
19581888
19598229
19615432
19631923
19648205
19665214
19682303
19699140
19715977
19732104
19749308
19765857
19782884
19800026
19816655
19833201
19888304
19965216
19987418
20011718
20035698
20053383
20070640
20085531
20102167
20118555
20136294
20151959
20169126
20185922
20202773
20218826
20235723
20251751
20268789
20285730
20302990
20319911
20336413
20353234
20369830
20386015
20403039
20419496
20519496
20548033
20592526
20641443
20661891
20682947
20699180
20719565
20738702
20755134
20773267
20789866
20805329
20822586
20840438
20856029
20874369
20889987
20905506
20922511
20939053
20955901
20973310
20989809
21006931
21024120
21041811
21058916
21076570
21091742
21143029
21158919
21177888
21194802
21214832
21230277
21244722
21258727
21275197
21291668
21308373
21325924
21341759
21358747
21375645
21391529
21409217
21425932
21442923
21459737
21476669
21494096
21510955
21527678
21544370
21560627
21580211
21610007
21677019
21698783
21720728
21742251
21759696
21778645
21795347
21813161
21830115
21845445
21862264
21878513
21895216
21911877
21928669
21945411
21962165
21979094
21995909
22012496
22029318
22046342
22063555
22079981
22097201
22121583
22147808
22199459
22218944
22241759
22260326
22277815
22298722
22315656
22334245
22350489
22367456
22382973
22399792
22416332
22433498
22450301
22467688
22484945
22500685
22517115
22533652
22550440
22567452
22585959
22600969
22617328
22635772
22665870
22725133
22749198
22768031
22789991
22812384
22833698
22853047
22871551
22891324
22911221
22937039
22957321
22976361
22996623
23017804
23039182
23058055
23079206
23099878
23124098
23145940
23169376
23190043
23214886
23234810
23253496
23306301
23326056
23349186
23371170
23392268
23412404
23428729
23445958
23465934
23486415
23503931
23522669
23540174
23557437
23576520
23595190
23613181
23631265
23651957
23670827
23691436
23711170
23727707
23827707
23843908
23943908
24043908
24143908
24188081
24288081
24297811
24397811
24497811
24597811
24697811
24797811
24897811
24997811
25097811
25150524
25250524
25268146
25368146
25468146
25568146
25668146
25768146
25868146
25968146
26068146
26141753
26202488
26249967
26267503
26287046
26313672
26333000
26351441
26381989
26417950
26433556
26450863
26467873
26486255
26501603
26517643
26534257
26685828
26802918
26861991
26886944
26935887
27021977
27059411
27075232
27090390
27104958
27120860
27137109
27154408
27170681
27189397
27206161
27225798
27241573
27341573
27387436
27420698
27520698
27543539
27643539
27723886
27752001
27776252
27795066
27816460
27835149
27858935
27875939
27895674
27915281
27938628
27958205
27977398
27999380
28016424
28032593
28047708
28062197
28076535
28091807
28105407
28121931
28138812
28155595
28172156
28189981
28206724
28223304
28240283
28257367
28275706
28291382
28391382
28410371
28430537
28530537
28547347
28647347
28723242
28746533
28761984
28781798
28796322
28813443
28824628
28841473
28859836
28874420
28890998
28907608
28923880
28940643
28957490
28973832
28990509
29007325
29057483
29158107
29174123
29190640
29210618
29228710
29246054
29263422
29363422
29381889
29481889
29581889
29681889
29781889
29881889
29981889
30081889
30205285
30305285
30316699
30416699
30516699
30616699
30716699
30816699
30916699
31016699
31116699
31211711
31319465
31419465
31519465
31619465
31719465
31819465
31919465
32019465
32119465
32219465
